W03-0410.csv_task1a_precision: 0.13043478260869565
W03-0410.csv_task1a_recall: 0.3
W03-0410.csv_task1a_f1: 0.18181818181818182
W03-0410.csv_task1b_precision: 1.0
W03-0410.csv_task1b_recall: 0.375
W03-0410.csv_task1b_f1: 0.5454545454545454
P98-2143.csv_task1a_precision: 0.07246376811594203
P98-2143.csv_task1a_recall: 0.09615384615384616
P98-2143.csv_task1a_f1: 0.08264462809917356
P98-2143.csv_task1b_precision: 1.0
P98-2143.csv_task1b_recall: 0.15151515151515152
P98-2143.csv_task1b_f1: 0.2631578947368421
C00-2123.csv_task1a_precision: 0.05263157894736842
C00-2123.csv_task1a_recall: 0.125
C00-2123.csv_task1a_f1: 0.07407407407407407
C00-2123.csv_task1b_precision: 1.0
C00-2123.csv_task1b_recall: 0.14285714285714285
C00-2123.csv_task1b_f1: 0.25
I05-5011.csv_task1a_precision: 0.14814814814814814
I05-5011.csv_task1a_recall: 0.19047619047619047
I05-5011.csv_task1a_f1: 0.16666666666666666
I05-5011.csv_task1b_precision: 1.0
I05-5011.csv_task1b_recall: 0.3333333333333333
I05-5011.csv_task1b_f1: 0.5
P05-1004.csv_task1a_precision: 0.1111111111111111
P05-1004.csv_task1a_recall: 0.3
P05-1004.csv_task1a_f1: 0.16216216216216217
P05-1004.csv_task1b_precision: 1.0
P05-1004.csv_task1b_recall: 0.3
P05-1004.csv_task1b_f1: 0.4615384615384615
N06-2049.csv_task1a_precision: 0.1111111111111111
N06-2049.csv_task1a_recall: 0.19047619047619047
N06-2049.csv_task1a_f1: 0.14035087719298245
N06-2049.csv_task1b_precision: 1.0
N06-2049.csv_task1b_recall: 0.3333333333333333
N06-2049.csv_task1b_f1: 0.5
C04-1089.csv_task1a_precision: 0.1111111111111111
C04-1089.csv_task1a_recall: 0.3333333333333333
C04-1089.csv_task1a_f1: 0.16666666666666666
C04-1089.csv_task1b_precision: 1.0
C04-1089.csv_task1b_recall: 0.36363636363636365
C04-1089.csv_task1b_f1: 0.5333333333333333
P98-1046.csv_task1a_precision: 0.08333333333333333
P98-1046.csv_task1a_recall: 0.18181818181818182
P98-1046.csv_task1a_f1: 0.1142857142857143
P98-1046.csv_task1b_precision: 1.0
P98-1046.csv_task1b_recall: 0.21052631578947367
P98-1046.csv_task1b_f1: 0.34782608695652173
task1a_precision_micro_avg: 0.09539473684210527
task1a_precision_macro_avg: 0.10254311806085263
task1a_recall_micro_avg: 0.17682926829268292
task1a_recall_macro_avg: 0.21465721778221777
task1a_f1_micro_avg: 0.12393162393162392
task1a_f1_macro_avg: 0.13878686708923282
task1b_precision_micro_avg: 1.0
task1b_precision_macro_avg: 1.0
task1b_recall_micro_avg: 0.24369747899159663
task1b_recall_macro_avg: 0.27627520505809977
task1b_f1_micro_avg: 0.3918918918918919
task1b_f1_macro_avg: 0.4329398611885168
