resultcitation:
performance: 0.011579818031430935
table: 0.010752688172043012
information: 0.009098428453267164
used: 0.007444168734491315
shows: 0.006617038875103391
parsing: 0.006617038875103391
best: 0.005789909015715467
segmentation: 0.005789909015715467
configuration: 0.005789909015715467
features: 0.004962779156327543
gold: 0.004962779156327543
corpus: 0.004962779156327543
tree: 0.004962779156327543
combination: 0.004962779156327543
tagger: 0.004962779156327543
**************************************************


methodcitation:
word: 0.010969196093163035
using: 0.007062359128474831
model: 0.006160781367392938
corpus: 0.005860255447032306
used: 0.005559729526671675
words: 0.00540946656649136
information: 0.005259203606311044
feature: 0.005259203606311044
features: 0.005108940646130729
method: 0.004357625845229151
algorithm: 0.003906836964688205
based: 0.0036063110443275734
relation: 0.0034560480841472575
system: 0.003305785123966942
data: 0.0031555221637866266
**************************************************


aimcitation:
model: 0.010554089709762533
framework: 0.010554089709762533
copying: 0.010554089709762533
node: 0.010554089709762533
speech: 0.010554089709762533
markov: 0.0079155672823219
discourse: 0.0079155672823219
grammar: 0.0079155672823219
probabilities: 0.0079155672823219
section: 0.0079155672823219
present: 0.0079155672823219
structure: 0.0079155672823219
substructures: 0.0079155672823219
results: 0.0079155672823219
approach: 0.0079155672823219
**************************************************


implicationcitation:
information: 0.008991008991008992
word: 0.006993006993006993
data: 0.006993006993006993
even: 0.005994005994005994
however,: 0.005994005994005994
chinese: 0.005994005994005994
performance: 0.005994005994005994
used: 0.005994005994005994
task: 0.004995004995004995
words: 0.004995004995004995
problem: 0.004995004995004995
method: 0.004995004995004995
segmentation: 0.004995004995004995
difficult: 0.004995004995004995
semantic: 0.004995004995004995
**************************************************


hypothesiscitation:
levin: 0.023622047244094488
semantic: 0.015748031496062992
components: 0.015748031496062992
classes: 0.015748031496062992
syntactic: 0.015748031496062992
type: 0.015748031496062992
would: 0.015748031496062992
useful: 0.015748031496062992
class: 0.015748031496062992
indicate: 0.015748031496062992
entities: 0.015748031496062992
isolate: 0.007874015748031496
large: 0.007874015748031496
comprise: 0.007874015748031496
verbs: 0.007874015748031496
**************************************************


