resultcitation:
performance: 0.007281553398058253
word: 0.007281553398058253
information: 0.006934812760055479
features: 0.006934812760055479
accuracy: 0.0062413314840499305
parsing: 0.0062413314840499305
used: 0.005894590846047157
segmentation: 0.005547850208044383
best: 0.005201109570041609
corpus: 0.005201109570041609
table: 0.0048543689320388345
methods: 0.004507628294036061
agreement: 0.004507628294036061
model: 0.004160887656033287
approach: 0.0038141470180305132
**************************************************


methodcitation:
word: 0.009362982778799532
used: 0.007245165245499638
using: 0.006743576882349663
features: 0.006074792398149696
model: 0.005628936075349719
information: 0.004681491389399766
words: 0.004625759349049768
based: 0.004347099147299783
corpus: 0.004124170985899794
system: 0.003956974864849802
feature: 0.003901242824499805
algorithm: 0.0037897787437998105
also: 0.003622582622749819
method: 0.0033439224209998327
translation: 0.0033439224209998327
**************************************************


aimcitation:
used: 0.0072
speech: 0.0072
copying: 0.0064
work: 0.0064
lexrank: 0.0056
(otterbacher: 0.0056
model: 0.0056
question: 0.0056
arabic: 0.0056
2005): 0.0048
data: 0.0048
node: 0.0048
word: 0.0048
dialogue: 0.0048
approach: 0.004
**************************************************


implicationcitation:
information: 0.007015902712815715
word: 0.006548175865294668
words: 0.00608044901777362
corpora: 0.005612722170252572
performance: 0.005144995322731525
methods: 0.005144995322731525
verbs: 0.004677268475210477
task: 0.004677268475210477
translation: 0.004677268475210477
semantic: 0.00420954162768943
knowledge: 0.00420954162768943
problem: 0.00420954162768943
used: 0.00420954162768943
data: 0.00420954162768943
however,: 0.0037418147801683817
**************************************************


hypothesiscitation:
levin: 0.019886363636363636
classes: 0.019886363636363636
verbs: 0.017045454545454544
verb: 0.017045454545454544
dang: 0.014204545454545454
syntactic: 0.014204545454545454
semantic: 0.011363636363636364
class: 0.011363636363636364
semantics: 0.011363636363636364
linguistics: 0.011363636363636364
useful: 0.008522727272727272
syntax: 0.008522727272727272
classes,: 0.008522727272727272
provides: 0.008522727272727272
frames: 0.008522727272727272
**************************************************


